<?xml version="1.0"?>
<opencv_storage>
    <camera>
        <index>0</index>
        <type>LATCAM</type>
        <resolution>
            <width>640</width>
            <height>480</height>
        </resolution>
        <camera_matrix type_id="opencv-matrix">
            <rows>3</rows>
            <cols>3</cols>
            <dt>d</dt>
            <data>414.664073 0.000000 327.848765 0.000000 414.664073 242.006555 0.000000 0.000000 1.000000 </data>
            <!-- <data>470.22180331 0.000000 319.75 0.000000 470.22180331 179.75 0.000000 0.000000 1.000000 </data> -->
        </camera_matrix>
        <distortion_vector type_id="opencv-matrix">
            <rows>5</rows>
            <cols>1</cols>
            <dt>d</dt>
            <data>-0.224108 0.068924 -0.001305 -0.000329 -0.012663 </data>
            <!-- <data>-0.466087 0.069038 0 0 0.0723158</data> -->
        </distortion_vector>
        <ground_plane type_id="opencv-matrix">
            <rows>1</rows>
            <cols>4</cols>
            <dt>d</dt>
            <data>0.000000 0.000000 1.000000 -2.456176 </data>
        </ground_plane>
        <external_transformation type_id="opencv-matrix">
            <rows>4</rows>
            <cols>4</cols>
            <dt>d</dt>
            <!-- <data>0.999985 -0.000000 -0.005510 0.016809 -0.000045 -0.999967 -0.008144 0.024845 -0.005509 0.008144 -0.999952 3.050711 0.000000 0.000000 0.000000 1.000000</data> -->
            <data>1.000000 0.000000 0.000000 0.000000 0.000000 -1.000000 0.000000 -0.000000 0.000000 -0.000000 -1.000000 3.05 0.000000 0.000000 0.000000 1.000000 </data>
        </external_transformation>
    </camera>
    <communicator>
        <interface>wlan0</interface>
        <group>EAGLE</group>
        <zyre_port>5670</zyre_port>
        <zyre_wait_time>100</zyre_wait_time>
    </communicator>
    <calibrator>
        <pattern>CHESSBOARD</pattern>
        <board_width>6</board_width>
        <board_height>7</board_height>
        <square_size>0.108</square_size>
        <calib_fix_aspect_ratio>1</calib_fix_aspect_ratio>
        <integrated>1</integrated>
        <calibrated>1</calibrated>
    </calibrator>
    <detector>
        <blob>
            <minThreshold>10</minThreshold>
            <maxThreshold>200</maxThreshold>
            <filterByArea>1</filterByArea>
            <minArea>80</minArea>
            <filterByCircularity>1</filterByCircularity>
            <minCircularity>0.85</minCircularity>
        </blob>
        <min_robot_area>0.06</min_robot_area>
        <min_obstacle_area>0.02</min_obstacle_area>
        <markers>
            <triangle_ratio>0.625</triangle_ratio>
            <qr_posx>0</qr_posx>
            <qr_posy>0</qr_posy>
            <qr_sizex>0.8</qr_sizex>
            <qr_sizey>0.8</qr_sizey>
            <qr_nbitx>2</qr_nbitx>
            <qr_nbity>2</qr_nbity>
        </markers>
        <thresholds>
            <bg_subtraction>24</bg_subtraction>
            <top_marker>0.1</top_marker>
            <triangle_ratio>0.1</triangle_ratio>
        </thresholds>
        <background_path>/home/ruben/Documents/Work/Repositories/ProjectEagle/eagle/config/background.png</background_path>
    </detector>
</opencv_storage>
