<?xml version="1.0"?>
<opencv_storage>
<calibration_Time>"Wed Dec 21 18:40:28 2016"</calibration_Time>
<nrOfFrames>46</nrOfFrames>
<image_Width>1280</image_Width>
<image_Height>720</image_Height>
<board_Width>7</board_Width>
<board_Height>6</board_Height>
<square_Size>108.</square_Size>
<FixAspectRatio>1.</FixAspectRatio>
<!-- flags:  +fix_aspectRatio +fix_principal_point +zero_tangent_dist -->
<flagValue>14</flagValue>
<Camera_Matrix type_id="opencv-matrix">
  <rows>3</rows>
  <cols>3</cols>
  <dt>d</dt>
  <data>
    5.6170014699062801e+02 0. 6.3950000000000000e+02 0.
    5.6170014699062801e+02 3.5950000000000000e+02 0. 0. 1.</data></Camera_Matrix>
<Distortion_Coefficients type_id="opencv-matrix">
  <rows>5</rows>
  <cols>1</cols>
  <dt>d</dt>
  <data>
    -2.5337566375953896e-01 1.0944985015633396e-01 0. 0.
    -2.8298558435137296e-02</data></Distortion_Coefficients>
<Avg_Reprojection_Error>5.6848103592957500e-01</Avg_Reprojection_Error>
<Per_View_Reprojection_Errors type_id="opencv-matrix">
  <rows>46</rows>
  <cols>1</cols>
  <dt>f</dt>
  <data>
    3.01346511e-01 1.35723665e-01 2.89014310e-01 1.58091247e-01
    3.45677227e-01 1.10391748e+00 2.80090183e-01 1.50422454e-01
    2.36793950e-01 2.02928603e-01 1.83925390e-01 2.90497094e-01
    2.47496188e-01 3.06472242e-01 1.23300828e-01 1.35995418e-01
    1.72726646e-01 4.26128060e-01 2.39912510e-01 4.06566203e-01
    1.76756158e-01 1.97027862e-01 1.24369308e-01 3.19432282e+00
    1.10209040e-01 1.46520644e-01 1.34943202e-01 2.49901965e-01
    8.44357073e-01 2.07122788e-01 5.32815516e-01 2.66608924e-01
    1.94798455e-01 1.95464686e-01 5.08355141e-01 1.89249784e-01
    1.52491599e-01 2.68926203e-01 1.83108330e-01 1.23420052e-01
    2.17050835e-01 1.54848114e-01 2.18534827e-01 1.55877307e-01
    3.53464663e-01 2.70460039e-01</data></Per_View_Reprojection_Errors>
<!-- a set of 6-tuples (rotation vector + translation vector) for each view -->
<Extrinsic_Parameters type_id="opencv-matrix">
  <rows>46</rows>
  <cols>6</cols>
  <dt>d</dt>
  <data>
    -1.6227999288601039e-02 -1.5318164508278035e-02
    8.9615199099710760e-02 1.6602407983826020e+03 1.1006479245439941e+03
    2.3309621100257182e+03 -4.3046386470414200e-03
    -2.1037809933015642e-02 -2.7768845191828126e+00
    4.9165054085499236e+02 3.1929740249012070e+02 2.3387879200282764e+03
    -1.2341241231293971e-02 -2.0788023853411802e-03
    6.5460426126448312e-02 1.0186638910255577e+02
    -1.0660111200779825e+03 2.3483624109037801e+03
    -1.5335223719970450e-02 2.1397031709587080e-02
    2.8849275104733998e+00 1.8002268511754448e+03 1.0975483572651547e+03
    2.3244896753521375e+03 -1.2409906848862253e-02
    3.0481849116515858e-02 2.4790643460169730e+00 9.1697526593171858e+02
    8.6525520538329158e+02 2.3263535323145920e+03
    -2.6267798002701282e-02 -3.3249695726027755e-02
    -2.5921669983592088e-02 2.0123537931735177e+03
    -2.7750969897196239e+02 2.3390058274629637e+03
    -2.1780754799632068e-02 -2.0953245301140500e-02
    4.4851988738501807e-03 1.8252202096139063e+03
    -1.2781997745653566e+03 2.3495033735975262e+03
    5.0612535363358290e-03 -1.6049816288154793e-02
    -3.1187235518833036e+00 -1.4307495422966028e+03
    1.6332962572899323e+03 2.3084774314495985e+03
    -8.0982244046316106e-03 -9.6184921233682524e-03
    -9.7058544250672840e-01 -7.2123828810721491e+01
    -3.9754076618602802e+01 2.3420062888762841e+03
    -1.3677991053865395e-02 -5.6735273726667935e-03
    -4.7905174864856279e-02 -2.4901725571169873e+03
    -1.8975400257788777e+02 2.3216267039849577e+03
    -1.1961809207830881e-02 -3.7145091942206332e-02
    -2.3449784026677678e+00 2.7530943456590290e+02
    1.2515313687519827e+03 2.3198679348875135e+03
    -2.8851739914714222e-02 -1.5157392847800974e-02
    -1.5124040076474146e-03 -4.5915718638325131e+02
    8.8945419306942108e+02 2.3242792266692359e+03
    -3.9905954438260789e-02 2.2910359770284640e-02
    2.0982237682019025e+00 -5.8420559087478438e+01
    4.2178914098836611e+02 2.3419935425767057e+03
    -1.2618082378168079e-02 -2.9708901781087711e-02
    3.2385000572594816e-02 -7.8468599645160521e+02
    -9.4896257780987753e+02 2.3377470992065173e+03
    -2.0965365756087893e-02 -2.2503403296794827e-02
    6.0509257872471123e-01 -1.2160118006121616e+03
    -1.0204738912860211e+03 2.3365299586563201e+03
    1.7706593593033108e-02 -3.0603161506792292e-02
    -2.1340892946085814e+00 -1.1060783729135321e+03
    2.1182473129704113e+02 2.3246699870799375e+03
    -2.0738125304705687e-02 -1.0417567047039465e-02
    1.8684555895658672e-01 -1.5469239004489471e+03
    -1.5803798536724389e+03 2.3373014451437348e+03
    1.2713529049983723e-02 -4.6771631218477723e-02
    -3.0408568639892577e+00 6.3144548297199016e+01
    9.1726708154763139e+02 2.3231287477164224e+03
    -1.4942538875092216e-02 -9.8202694970934597e-03
    1.4493080944913228e-01 9.5452166386544604e+02 1.0099149136950901e+03
    2.3225708716543322e+03 1.1929577661969171e-02
    -1.1012057512886683e-02 -1.7418545407442370e+00
    -3.7375713113035869e+02 -1.8740182698029361e+02
    2.3421404869840680e+03 -2.2018653097311224e-02
    -1.9357558071241180e-02 -1.6305664830916969e-01
    -1.2451452024705018e+03 9.5678309383900523e+02
    2.3118702731191929e+03 -9.0560987057057025e-03
    -3.9815588594610589e-02 -1.8319634479893965e+00
    -4.1266330804421654e+02 1.2559795133946000e+03
    2.3119167476039888e+03 -3.2585916125918851e-02
    2.0760479249310189e-02 2.8671603726768713e+00
    -5.2028922706835601e+01 2.9047481881353082e+02
    2.3421743917258764e+03 -4.3356734701325284e-02
    -2.0969965738037225e-02 5.5282665821512547e-02
    2.1570095887477955e+03 5.9364242111463670e+02 2.3491811740280091e+03
    -1.6710467104808866e-02 1.7460313672515541e-03
    1.1847225815253040e+00 1.5494679058403883e+03
    -9.4701671825857704e+02 2.3421158308987992e+03
    6.2075668472781655e-03 -1.4757386974836936e-02
    -3.1180756296244239e+00 -1.4311120394361046e+03
    1.6338559975856817e+03 2.3094231804990268e+03 3.0657396752300999e-02
    -2.9738250329660473e-02 -2.7898455774732174e+00
    -5.9517744810425654e+02 3.7851875486749248e+02
    2.3334555356859150e+03 -1.9257557432120306e-02
    -5.6620763514331641e-03 4.6721265233853004e-02
    5.2777934417368101e+02 -1.5386519027531826e+03
    2.3432819359800746e+03 -2.6434773401783997e-02
    -3.0238563229286514e-03 1.7867248566556817e+00
    2.3673496041484914e+03 9.8835915192616517e+02 2.3385365483169458e+03
    -1.0426029168187743e-02 -7.8889238486789855e-03
    -1.6737064545637759e-01 -1.9109731288145622e+03
    1.0994095065159995e+03 2.3080221505331961e+03
    -3.0527589303272165e-02 -5.1504035422070835e-03
    1.7875689269038060e+00 2.3686238148034140e+03 9.8957811691494828e+02
    2.3421232268484782e+03 -1.0644690619179801e-02
    -1.4433467087157703e-02 1.0943063431229830e-01
    -5.8890760806716912e+02 -1.5484558142200347e+03
    2.3375972319107959e+03 1.0492934166389037e-03
    -3.7191803063721073e-02 -2.9648912904340063e+00
    -1.6255121483746909e+03 -8.7408731466892073e+02
    2.3279231205987317e+03 1.5672092520514879e-03
    -2.6599544798377273e-02 -1.7806807448670590e+00
    -7.7941317793935673e+02 2.6271300074790241e+02
    2.3277166893934527e+03 -1.9532985557374458e-02
    -1.7773925091590970e-02 -3.8710335183565071e-02
    -2.3720373720393150e+03 1.1068481153744431e+03
    2.3110768448873332e+03 -7.2086981595876447e-03
    -5.8559356942737327e-03 1.7644948450781530e+00
    2.4540144610300243e+02 -6.3585297462844824e+02
    2.3497065762925326e+03 -2.0743131409298687e-02
    -1.8920970520554087e-03 -2.8004954036132951e-01
    5.1332186822692897e+01 1.0094225165885656e+02 2.3456008173920773e+03
    3.8004178465963372e-02 -3.8336149850181737e-02
    -3.0200444953239067e+00 -6.2560000709581823e+02
    1.0098065505344953e+03 2.3217518968288236e+03
    -1.6168411942352256e-02 -4.3778961529100831e-03
    5.7701258257098577e-02 -2.4201926448080440e+03
    -8.4184222011567658e+02 2.3290181402003182e+03
