<?xml version="1.0"?>
<opencv_storage>
<calibration_Time>"Thu Sep  8 17:33:47 2016"</calibration_Time>
<nrOfFrames>30</nrOfFrames>
<image_Width>960</image_Width>
<image_Height>540</image_Height>
<board_Width>7</board_Width>
<board_Height>6</board_Height>
<square_Size>108.</square_Size>
<FixAspectRatio>1.</FixAspectRatio>
<!-- flags:  +fix_aspectRatio +fix_principal_point +zero_tangent_dist -->
<flagValue>14</flagValue>
<Camera_Matrix type_id="opencv-matrix">
  <rows>3</rows>
  <cols>3</cols>
  <dt>d</dt>
  <data>
    4.7126940306532094e+02 0. 4.7950000000000000e+02 0.
    4.7126940306532094e+02 2.6950000000000000e+02 0. 0. 1.</data></Camera_Matrix>
<Distortion_Coefficients type_id="opencv-matrix">
  <rows>5</rows>
  <cols>1</cols>
  <dt>d</dt>
  <data>
    -1.5532428084649783e-01 3.4072764528751832e-02 0. 0.
    -4.3247578401430509e-03</data></Distortion_Coefficients>
<Avg_Reprojection_Error>1.2612295435252863e-01</Avg_Reprojection_Error>
<Per_View_Reprojection_Errors type_id="opencv-matrix">
  <rows>30</rows>
  <cols>1</cols>
  <dt>f</dt>
  <data>
    1.38683572e-01 1.22660093e-01 9.77664813e-02 1.12026989e-01
    9.94278267e-02 1.37947351e-01 1.56911999e-01 7.09253401e-02
    9.85417813e-02 1.67922944e-01 1.20196797e-01 6.77278042e-02
    9.44182500e-02 1.20772585e-01 1.85152486e-01 1.04911931e-01
    1.65683225e-01 1.21498890e-01 1.23786531e-01 9.76462066e-02
    9.97894928e-02 1.41947642e-01 1.25046402e-01 8.10308605e-02
    1.69929668e-01 1.24027662e-01 1.17877185e-01 9.90836769e-02
    2.02887550e-01 8.94918144e-02</data></Per_View_Reprojection_Errors>
<!-- a set of 6-tuples (rotation vector + translation vector) for each view -->
<Extrinsic_Parameters type_id="opencv-matrix">
  <rows>30</rows>
  <cols>6</cols>
  <dt>d</dt>
  <data>
    4.1120364383349151e-02 -2.4461299879727484e-02
    -1.6141106628140409e+00 1.5413255249939882e+03
    1.0035479505037118e+03 1.9222548855850798e+03 3.6099515365217091e-02
    -2.1384552232418631e-02 -1.5335889022934444e+00
    8.1896699365459324e+02 1.0098675897991950e+03 1.9083202530758765e+03
    1.3747296746856361e-02 -6.8084009969323405e-03
    -1.4401510337198533e+00 -4.0428651448838730e+02
    8.6924779161932975e+02 1.9664385244279208e+03 3.4507973485811895e-02
    -1.7148078629612169e-02 -1.6362511715825077e+00
    1.6478763382304169e+03 1.0816429558284547e+03 1.9940387642818737e+03
    3.1303266589649333e-02 -1.3137344744299288e-02
    -2.2876596537525096e+00 1.7311342849352081e+03
    3.1592810111937059e+01 1.9919505714790819e+03 2.5905848642140523e-02
    -2.4697872252494063e-02 -1.6720596660610991e+00
    1.7555043133487654e+03 -3.7083006666599294e+02
    1.9889950968373369e+03 1.9708608083560827e-02
    -1.5105817506234550e-02 -1.7573920983298741e+00
    1.9198416586112427e+02 -3.3363071712921584e+02
    1.9653972407554420e+03 1.2716805740004056e-02
    -1.3671608341852043e-03 -2.1185592453199869e+00
    -1.1242719092123070e+03 4.3697547554169596e+01
    1.9607271480551240e+03 1.2241962406921799e-02 1.2350808095192289e-03
    -2.6952354051032610e+00 -1.5328955922479638e+03
    -7.8693663771350231e+01 1.9629421862192426e+03
    -9.6158396820263184e-03 -1.3181229660817603e-02
    3.0834910556636888e+00 -1.5351130684832258e+03
    6.4571952054085227e+02 1.9663537763783590e+03
    -1.5175130745113096e-02 -1.5876172932034228e-02
    3.0849047440688961e+00 -1.1524529434194394e+03
    9.7207149151321869e+02 1.9698351201331407e+03
    -2.0332717433113962e-02 -1.8744862097420715e-02
    2.9665884976246102e+00 3.1470646218407393e+02 9.2431000789308314e+02
    1.9763787117748213e+03 -2.0832662100586673e-02
    -2.7097245672275016e-02 1.9959687677703297e+00
    1.3756535322699133e+03 4.1332481695554810e+02 1.9887264085105567e+03
    -1.6810061119904292e-02 -3.3590741401054190e-02
    1.5057832075102484e+00 2.1003342842308948e+03 3.5357882154240241e+02
    2.0018733843442676e+03 -1.8956900077381700e-02
    -3.0589526436672267e-02 1.5479644034620015e+00
    2.1827088381513531e+03 -9.9343853403539100e+01
    2.0016664596154992e+03 -1.8423661698256294e-02
    -3.6915206539807871e-02 1.5496039024574872e+00
    2.2906856943589410e+03 4.8299715034453254e+02 2.0079681115176593e+03
    -2.1714759261325135e-02 -3.0030709821475043e-02
    1.5787026497908763e+00 2.2713507758764158e+03
    -3.8626833326428130e+02 2.0037027629991385e+03
    -2.7475616314972237e-02 -2.5224977664526107e-02
    1.5814260283377641e+00 2.2868638289608043e+03
    -1.1457446115805615e+03 2.0061664745303485e+03
    -1.2303613174278647e-02 -1.6436309497088190e-02
    1.3716003472864240e+00 5.7422309084526137e+02
    -1.0048707050423340e+03 1.9726159570419547e+03
    -5.3467109871191331e-03 -1.0970903670472995e-02
    1.4527340411247871e+00 -5.7877972626834378e+02
    -8.8076974602168616e+02 1.9619979510542878e+03
    -4.5735460853950369e-03 -1.1378653996419512e-02
    1.4133130845507662e+00 1.5260592346235808e+02
    -2.9307261391139855e+02 1.9665085287069510e+03
    -7.7631810496439670e-03 -1.8365317629502685e-02
    1.5743476543294488e+00 3.7271196386258742e+02 4.2216862648029689e+02
    1.9735701123396575e+03 -4.3758831224127333e-03
    -1.6627530167288612e-02 1.5055103574057505e+00
    -1.6754089701653012e+02 2.7472218670505657e+02
    1.9675695973947657e+03 2.9170321781121391e-03
    -1.0416587730410315e-02 1.5530050410808636e+00
    -1.5479204931068618e+03 3.9436004795453294e+02
    1.9614557057503844e+03 -1.0363698296310116e-03
    -9.2686035465285189e-03 1.5376445585383616e+00
    -1.5062846637891209e+03 -3.6483507490324814e+02
    1.9569847253015157e+03 -3.4890472299272312e-03
    -5.5904493149469721e-03 1.5346192916346337e+00
    -1.5799968309961414e+03 -1.0627894864581901e+03
    1.9588062406702670e+03 -3.8235192382267175e-03
    -5.5603184606297070e-03 1.5700188602315954e+00
    -1.5272216017217888e+03 -9.3172269257407390e+02
    1.9586520976780373e+03 -2.4695234713402094e-03
    -1.3256382255607903e-02 1.4011719004891605e+00
    -1.3492926467488508e+02 -7.7620549339568686e+02
    1.9623078056756128e+03 -1.0861598438953856e-03
    -1.2713292012093095e-02 1.4584464832394901e+00
    -5.8560796740921467e+02 -3.9499380482243076e+01
    1.9604072172116698e+03 -7.7856772249736243e-03
    -1.7656291021939951e-02 1.4360554917719801e+00
    3.6910699406062992e+02 -3.2242703746807578e+01
    1.9704389120244498e+03</data></Extrinsic_Parameters>
