<?xml version="1.0"?>
<opencv_storage>
<calibration_Time>"Mon Dec  5 11:06:07 2016"</calibration_Time>
<nrOfFrames>29</nrOfFrames>
<image_Width>1280</image_Width>
<image_Height>720</image_Height>
<board_Width>7</board_Width>
<board_Height>6</board_Height>
<square_Size>108.</square_Size>
<FixAspectRatio>1.</FixAspectRatio>
<!-- flags:  +fix_aspectRatio +fix_principal_point +zero_tangent_dist -->
<flagValue>14</flagValue>
<Camera_Matrix type_id="opencv-matrix">
  <rows>3</rows>
  <cols>3</cols>
  <dt>d</dt>
  <data>
    5.7930075311299925e+02 0. 6.3950000000000000e+02 0.
    5.7930075311299925e+02 3.5950000000000000e+02 0. 0. 1.</data></Camera_Matrix>
<Distortion_Coefficients type_id="opencv-matrix">
  <rows>5</rows>
  <cols>1</cols>
  <dt>d</dt>
  <data>
    -2.4578872043193228e-01 1.0489235619117537e-01 0. 0.
    -3.0273284362257961e-02</data></Distortion_Coefficients>
<Avg_Reprojection_Error>6.9950112472819670e-01</Avg_Reprojection_Error>
<Per_View_Reprojection_Errors type_id="opencv-matrix">
  <rows>29</rows>
  <cols>1</cols>
  <dt>f</dt>
  <data>
    3.07805598e-01 2.71182060e-01 2.45778367e-01 2.99379289e-01
    3.67998630e-01 2.12317199e-01 4.79222238e-01 2.53134161e-01
    2.35825703e-01 3.19979340e-01 3.49440247e-01 1.96299717e-01
    3.44523847e-01 2.28063300e-01 2.05095840e+00 2.06352547e-01
    1.80671528e-01 1.60610288e-01 2.40425587e+00 2.57157803e-01
    3.89296889e-01 2.78423280e-01 2.76036412e-01 3.62629294e-01
    1.32948112e+00 2.48516262e-01 3.41204256e-01 4.38396573e-01
    4.23276067e-01</data></Per_View_Reprojection_Errors>
<!-- a set of 6-tuples (rotation vector + translation vector) for each view -->
<Extrinsic_Parameters type_id="opencv-matrix">
  <rows>29</rows>
  <cols>6</cols>
  <dt>d</dt>
  <data>
    1.6194801651472683e-02 -3.6665709086774044e-02
    1.4390136286593544e-01 1.6807364261354519e+03 9.3314489519722099e+02
    2.4534970531249410e+03 1.5750128434490911e-02
    -3.2785168321515498e-02 6.5821443147731903e-02
    9.0259163541741646e+02 7.8714070918377240e+02 2.4282618012129524e+03
    9.2566521448360691e-03 -1.8938527117527543e-02
    1.7392843512010526e-02 -2.7438664821885638e+01
    7.0948061190018154e+02 2.4143034608013591e+03 1.4922952855915557e-02
    -1.8220819488117795e-02 3.2183015112007600e-02
    -9.9197561723371916e+02 6.2855702513611539e+02
    2.4006181641458547e+03 1.9793106015573669e-02
    -1.3595586870818764e-02 -2.4665359221641522e-02
    -1.1764225359206428e+03 9.2314963385828366e+02
    2.4019949647781978e+03 1.8420897814978878e-02 1.4893016289350709e-03
    1.5692318762565585e-01 -1.9344212635651736e+03
    8.2834915873711896e+02 2.4075606027347408e+03 2.9432036368798645e-03
    -1.6948791691887836e-02 8.2084712510099384e-02
    -2.4581716905138082e+03 8.1135920920782144e+02
    2.4096270889835287e+03 4.7147946513249606e-03 6.6731040737810004e-03
    5.9500187239861418e-02 -2.4127454933767976e+03
    -2.6326597099431456e+01 2.4115233584185130e+03
    -8.6539290950047806e-04 4.0709134639746571e-03
    1.1789583837587927e-02 -2.4199635828174873e+03
    -8.0388697461697666e+02 2.4124192393109247e+03
    -5.1258496003257661e-04 -7.3210599657492015e-03
    5.3677897715219129e-02 -2.3179896031841940e+03
    -1.4383416901592147e+03 2.4137113955874088e+03
    -6.8337414015782055e-03 -9.4917234288730834e-03
    1.5005387288435854e-01 -1.3787933878589565e+03
    -1.4052131713991935e+03 2.4093238532553946e+03
    -3.1733400925822094e-03 -2.1373562927337907e-02
    -9.4080533313419257e-03 -4.0058662926162987e+02
    -1.4299405399608484e+03 2.4121233678427570e+03
    -9.1231300453146515e-03 -2.7157899194175317e-02
    -5.3865424520192547e-03 3.4811041583129594e+02
    -1.4373323784771123e+03 2.4226308937006506e+03
    -1.4512576149109186e-02 -3.5786427717319630e-02
    -1.0784745135327909e-02 1.0989095910642295e+03
    -1.4637785489590667e+03 2.4401348828780401e+03
    -3.8181792070538078e-03 -6.1335162691634720e-02
    -7.4028182211293737e-03 1.8033946455750663e+03
    -1.5426087768047987e+03 2.4508908079142611e+03
    -1.5107692756780647e-03 -4.4769898417296970e-02
    -5.2881327286606418e-02 1.8210310102957042e+03
    -7.4213985243092418e+02 2.4509077044905907e+03
    9.2536410844374240e-03 -4.2472249829574739e-02
    -5.0896080119283545e-02 1.7982365357506517e+03
    3.9989194559840864e+00 2.4500038623723285e+03 1.3655373896365312e-02
    -4.0916964956492725e-02 -8.0878773116260690e-03
    1.7668810917393587e+03 6.7015846973860664e+02 2.4533679953125502e+03
    3.4428546679375863e-03 -5.7281119427855035e-02
    2.8094678684715813e-01 1.7629738207039220e+03 1.0377966552159860e+03
    2.4598867400066997e+03 9.0332604640798297e-03
    -2.8351328878540517e-02 2.0262255442608415e-01
    7.3238336932260836e+02 5.1559286777682837e+02 2.4249081238920899e+03
    -3.1089512841437727e-03 -1.5861926303682595e-02
    7.0883009353541429e-02 -3.9024704454554404e+02
    1.7026316167805820e+02 2.4140888964303017e+03 6.3227335455962371e-03
    -1.3816564040476171e-02 2.8084345103293107e-02
    -1.5353674962474802e+03 7.0981220336610207e+00
    2.3997969911163814e+03 5.9460792158944221e-03
    -1.3792304505846674e-02 2.8072898407931816e-02
    -1.5353989751338243e+03 7.0817062838572715e+00
    2.3999469065342637e+03 -5.3830347187873017e-04
    -1.2357407563650599e-02 6.0408828112638098e-02
    -1.5673076619026456e+03 -9.8594384588035655e+02
    2.4038637652483708e+03 1.5910651910143229e-02
    -2.4185562492923300e-02 3.6660446024797524e-02
    -7.5882977170898403e+02 -9.8758689991175959e+02
    2.4076640093847072e+03 -6.6667139364065819e-03
    -2.8454033692935688e-02 8.5089858037972116e-02
    8.7762411228006260e+02 -1.0153793737723582e+03
    2.4276591744345624e+03 2.5624839688186659e-03
    -2.5856485525335766e-02 9.3296546447718745e-02
    8.4822656260580493e+02 -1.7897003119898190e+02
    2.4274858247748239e+03 3.1078987445192868e-02 2.4028163369198292e-03
    1.1657138436640080e-01 -1.5573896032095067e+02
    -1.7271667911954012e+02 2.4083808188532284e+03
    -6.3797455334964007e-03 -3.4012269078639397e-03
    8.5515997199070037e-01 -3.1972728345527622e+02
    -7.7508142225799281e+02 2.4155308524071506e+03</data></Extrinsic_Parameters>
