<?xml version="1.0"?>
<opencv_storage>
<calibration_Time>"Thu Dec 22 13:20:03 2016"</calibration_Time>
<nrOfFrames>2</nrOfFrames>
<image_Width>640</image_Width>
<image_Height>360</image_Height>
<board_Width>7</board_Width>
<board_Height>6</board_Height>
<square_Size>108.</square_Size>
<FixAspectRatio>1.</FixAspectRatio>
<!-- flags:  +fix_aspectRatio +fix_principal_point +zero_tangent_dist -->
<flagValue>14</flagValue>
<Camera_Matrix type_id="opencv-matrix">
  <rows>3</rows>
  <cols>3</cols>
  <dt>d</dt>
  <data>
    3.2357259328183221e+02 0. 3.1950000000000000e+02 0.
    3.2357259328183221e+02 1.7950000000000000e+02 0. 0. 1.</data></Camera_Matrix>
<Distortion_Coefficients type_id="opencv-matrix">
  <rows>5</rows>
  <cols>1</cols>
  <dt>d</dt>
  <data>
    -2.0439103872435167e+00 1.1658790101058443e+01 0. 0.
    -2.3841843119669154e+01</data></Distortion_Coefficients>
<Avg_Reprojection_Error>6.2063399853794436e+00</Avg_Reprojection_Error>
<Per_View_Reprojection_Errors type_id="opencv-matrix">
  <rows>2</rows>
  <cols>1</cols>
  <dt>f</dt>
  <data>
    5.73942184e+00 6.64050817e+00</data></Per_View_Reprojection_Errors>
<!-- a set of 6-tuples (rotation vector + translation vector) for each view -->
<Extrinsic_Parameters type_id="opencv-matrix">
  <rows>2</rows>
  <cols>6</cols>
  <dt>d</dt>
  <data>
    -1.0435845855374541e-01 4.3287146643284084e-02
    -1.0753401323955207e-01 -1.3835000969737653e+03
    -3.3596723379223818e+02 2.5596619204671688e+03
    1.8723360994344529e-01 -3.0296311839839307e-01
    -1.3169695951890330e+00 -6.1855136305140974e+01
    9.9012333833121602e+01 2.6126497240824010e+03</data></Extrinsic_Parameters>
<Image_points type_id="opencv-matrix">
  <rows>2</rows>
  <cols>42</cols>
  <dt>"2f"</dt>
  <data>
    1.79828125e+02 1.47678894e+02 1.90701859e+02 1.46059814e+02
    1.91281555e+02 1.36106033e+02 2.01645432e+02 1.45345169e+02
    2.13258682e+02 1.33741516e+02 2.25028534e+02 1.42996063e+02
    2.36242630e+02 1.31780579e+02 1.79826385e+02 1.47882385e+02
    1.79908447e+02 1.47867813e+02 1.90722061e+02 1.46283966e+02
    2.01699646e+02 1.45500320e+02 2.12765671e+02 1.44590637e+02
    2.25022293e+02 1.43283203e+02 2.35402435e+02 1.42037979e+02
    1.80786850e+02 1.71633377e+02 1.80820450e+02 1.71623505e+02
    1.91745514e+02 1.70378021e+02 2.02734848e+02 1.69661163e+02
    2.13479462e+02 1.56671448e+02 2.26665573e+02 1.68399643e+02
    2.37260727e+02 1.55521118e+02 1.80769424e+02 1.84462830e+02
    1.92365189e+02 1.83194977e+02 1.91737045e+02 1.70558548e+02
    2.02761917e+02 1.70001862e+02 2.26698181e+02 1.68646942e+02
    2.26807663e+02 1.68696732e+02 2.37666962e+02 1.67973450e+02
    1.80768066e+02 1.84644379e+02 1.86570190e+02 1.89438385e+02
    1.93013916e+02 1.94805374e+02 2.03447021e+02 1.82433517e+02
    2.15658066e+02 1.93591949e+02 2.27353241e+02 1.87172913e+02
    2.38477844e+02 1.79961136e+02 1.81821808e+02 1.96127304e+02
    1.81826660e+02 1.96085159e+02 1.93008087e+02 1.95170303e+02
    2.04225754e+02 1.94592865e+02 2.15683685e+02 1.93955612e+02
    2.27628464e+02 1.93404541e+02 2.40453674e+02 1.99016464e+02
    3.16381805e+02 1.91697296e+02 3.10526672e+02 1.83705841e+02
    3.20762787e+02 1.66547546e+02 3.22903351e+02 1.53296555e+02
    3.25940521e+02 1.40949005e+02 3.27757843e+02 1.27947823e+02
    3.29900513e+02 1.17945953e+02 3.16546814e+02 1.91612823e+02
    3.23149261e+02 1.86343857e+02 3.25468201e+02 1.73609406e+02
    3.35989868e+02 1.55885376e+02 3.37850250e+02 1.43162338e+02
    3.40237213e+02 1.30743713e+02 3.40217010e+02 1.30647095e+02
    3.41486115e+02 1.96741943e+02 3.28272095e+02 1.93436874e+02
    3.33254730e+02 1.68497330e+02 3.36286743e+02 1.56056351e+02
    3.49878510e+02 1.45956177e+02 3.51783600e+02 1.33151871e+02
    3.40344513e+02 1.30584473e+02 3.53330017e+02 1.97967194e+02
    3.48584778e+02 1.91052094e+02 3.57866425e+02 1.74070953e+02
    3.46292084e+02 1.70590607e+02 3.50264252e+02 1.46145355e+02
    3.64627838e+02 1.36177414e+02 3.64609100e+02 1.35924149e+02
    3.58686066e+02 2.05928436e+02 3.67943817e+02 1.88239517e+02
    3.70366608e+02 1.76183319e+02 3.65560760e+02 1.67997665e+02
    3.72269836e+02 1.63438980e+02 3.74815735e+02 1.38567047e+02
    3.64729370e+02 1.35879456e+02 3.66539642e+02 2.01243149e+02
    3.68112488e+02 1.88208145e+02 3.70499756e+02 1.76115845e+02
    3.70469238e+02 1.75759750e+02 3.83379120e+02 1.65344864e+02
    3.73931000e+02 1.51097214e+02 3.75060699e+02 1.38432297e+02</data></Image_points>
</opencv_storage>
